              precision    recall  f1-score   support

           A       0.98      0.95      0.97       400
           B       1.00      0.99      1.00       400
           C       1.00      1.00      1.00       400
           D       1.00      0.99      1.00       400
           E       0.94      0.98      0.96       400
           F       1.00      1.00      1.00       400
           G       1.00      0.94      0.97       400
           H       0.94      1.00      0.97       400
           I       1.00      0.96      0.98       400
           J       1.00      0.97      0.99       400
           K       1.00      0.97      0.98       400
           L       1.00      1.00      1.00       400
           M       0.90      0.98      0.94       400
           N       0.98      0.94      0.96       400
           O       0.99      0.98      0.99       400
           P       1.00      1.00      1.00       400
           Q       1.00      1.00      1.00       400
           R       0.96      0.99      0.97       400
           S       0.93      0.97      0.95       400
           T       0.99      0.99      0.99       400
           U       0.94      0.99      0.97       400
           V       0.97      0.98      0.97       400
           W       0.96      1.00      0.98       400
           X       0.98      0.88      0.93       400
           Y       1.00      0.98      0.99       400
           Z       0.99      0.99      0.99       400
         del       1.00      1.00      1.00       400
     nothing       0.99      0.99      0.99       400
       space       0.98      1.00      0.99       400

    accuracy                           0.98     11600
   macro avg       0.98      0.98      0.98     11600
weighted avg       0.98      0.98      0.98     11600
